-2.315783 -2.309019 -2.302255 -2.295491 -2.288727
-2.281963 -2.275199 -2.268434 -2.26167 -2.254906
-2.248142 -2.241378 -2.234614 -2.22785 -2.221086
-2.214322 -2.207557 -2.200793 -2.194029 -2.187265
-2.180501 -2.173737 -2.166973 -2.160209 -2.153445
-2.14668 -2.139916 -2.133152 -2.126388 -2.119624
-2.11286 -2.106096 -2.099332 -2.092568 -2.085803
-2.079039 -2.072275 -2.065511 -2.058747 -2.051983
-2.045219 -2.038455 -2.031691 -2.024926 -2.018162
-2.011398 -2.004634 -1.99787 -1.991106 -1.984342
-1.977578 -1.970814 -1.964049 -1.957285 -1.950521
-1.943757 -1.936993 -1.930229 -1.923465 -1.916701
-1.909937 -1.903172 -1.896408 -1.889644 -1.88288
-1.876116 -1.869352 -1.862588 -1.855824 -1.84906
-1.842295 -1.835531 -1.828767 -1.822003 -1.815239
-1.808475 -1.801711 -1.794947 -1.788183 -1.781418
-1.774654 -1.76789 -1.761126 -1.754362 -1.747598
-1.740834 -1.73407 -1.727306 -1.720541 -1.713777
-1.707013 -1.700249 -1.693485 -1.686721 -1.679957
-1.673193 -1.666429 -1.659664 -1.6529 -1.646136
-1.639372 -1.632608 -1.625844 -1.61908 -1.612316
-1.605552 -1.598787 -1.592023 -1.585259 -1.578495
-1.571731 -1.564967 -1.558203 -1.551439 -1.544675
-1.53791 -1.531146 -1.524382 -1.517618 -1.510854
-1.50409 -1.497326 -1.490562 -1.483798 -1.477033
-1.470269 -1.463505 -1.456741 -1.449977 -1.443213
-1.436449 -1.429685 -1.422921 -1.416156 -1.409392
-1.402628 -1.395864 -1.3891 -1.382336 -1.375572
-1.368808 -1.362044 -1.355279 -1.348515 -1.341751
-1.334987 -1.328223 -1.321459 -1.314695 -1.307931
-1.301167 -1.294403 -1.287638 -1.280874 -1.27411
-1.267346 -1.260582 -1.253818 -1.247054 -1.24029
-1.233526 -1.226761 -1.219997 -1.213233 -1.206469
-1.199705 -1.192941 -1.186177 -1.179413 -1.172649
-1.165884 -1.15912 -1.152356 -1.145592 -1.138828
-1.132064 -1.1253 -1.118536 -1.111772 -1.105007
-1.098243 -1.091479 -1.084715 -1.077951 -1.071187
-1.064423 -1.057659 -1.050895 -1.04413 -1.037366
-1.030602 -1.023838 -1.017074 -1.01031 -1.003546
-0.9967816 -0.9900175 -0.9832534 -0.9764893 -0.9697252
-0.9629611 -0.956197 -0.9494329 -0.9426688 -0.9359046
-0.9291405 -0.9223764 -0.9156123 -0.9088482 -0.9020841
-0.89532 -0.8885559 -0.8817918 -0.8750276 -0.8682635
-0.8614994 -0.8547353 -0.8479712 -0.8412071 -0.834443
-0.8276789 -0.8209148 -0.8141506 -0.8073865 -0.8006224
-0.7938583 -0.7870942 -0.7803301 -0.773566 -0.7668019
-0.7600378 -0.7532737 -0.7465095 -0.7397454 -0.7329813
-0.7262172 -0.7194531 -0.712689 -0.7059249 -0.6991608
-0.6923967 -0.6856325 -0.6788684 -0.6721043 -0.6653402
-0.6585761 -0.651812 -0.6450479 -0.6382838 -0.6315197
-0.6247556 -0.6179914 -0.6112273 -0.6044632 -0.5976991
-0.590935 -0.5841709 -0.5774068 -0.5706427 -0.5638786
-0.5571144 -0.5503503 -0.5435862 -0.5368221 -0.530058
-0.5232939 -0.5165298 -0.5097657 -0.5030016 -0.4962374
-0.4894733 -0.4827092 -0.4759451 -0.469181 -0.4624169
-0.4556528 -0.4488887 -0.4421246 -0.4353605 -0.4285963
-0.4218322 -0.4150681 -0.408304 -0.4015399 -0.3947758
-0.3880117 -0.3812476 -0.3744835 -0.3677193 -0.3609552
-0.3541911 -0.347427 -0.3406629 -0.3338988 -0.3271347
-0.3203706 -0.3136065 -0.3068424 -0.3000782 -0.2933141
-0.28655 -0.2797859 -0.2730218 -0.2662577 -0.2594936
-0.2527295 -0.2459654 -0.2392012 -0.2324371 -0.225673
-0.2189089 -0.2121448 -0.2053807 -0.1986166 -0.1918525
-0.1850884 -0.1783243 -0.1715601 -0.164796 -0.1580319
-0.1512678 -0.1445037 -0.1377396 -0.1309755 -0.1242114
-0.1174473 -0.1106831 -0.103919 -0.09715492 -0.09039081
-0.0836267 -0.07686259 -0.07009848 -0.06333437 -0.05657026
-0.04980615 -0.04304204 -0.03627793 -0.02951382 -0.02274971
-0.0159856 -0.009221486 -0.002457375 0.004306736 0.01107085
0.01783496 0.02459907 0.03136318 0.03812729 0.0448914
0.05165551 0.05841962 0.06518373 0.07194784 0.07871195
0.08547606 0.09224017 0.09900428 0.1057684 0.1125325
0.1192966 0.1260607 0.1328248 0.1395889 0.1463531
0.1531172 0.1598813 0.1666454 0.1734095 0.1801736
0.1869377 0.1937018 0.2004659 0.2072301 0.2139942
0.2207583 0.2275224 0.2342865 0.2410506 0.2478147
0.2545788 0.2613429 0.268107 0.2748712 0.2816353
0.2883994 0.2951635 0.3019276 0.3086917 0.3154558
0.3222199 0.328984 0.3357482 0.3425123 0.3492764
0.3560405 0.3628046 0.3695687 0.3763328 0.3830969
