0.9685714 0.8 0.484 0.7045775 0.8065
0.7428571 0.6 0.226 0.8408451 0.9031667
0.3542857 1 0.742 0.8183099 0.7096667
0.5171429 0.6 0.4195 0.2957746 0.3548333
0.4514286 0.05 0.613 0.7274648 0.09683333
0.9028571 0.7 0.3225 0.1919014 0.129
0.1942857 0.4 0.355 0.4626761 1
0.7085714 0.4 0.6775 0.6795775 0.1613333
0.5485714 0.95 0.645 0.1873239 0.9355
0.58 0.15 0.0325 0.4915493 0.5161667
0.6771429 0.95 0.1615 0.3929577 0.2903333
0.06571429 0.5 0.774 0.03908451 0.5483333
0.8057143 0.3 0.5485 0.1225352 0.742
0.7742857 0.9 0.903 0.3221831 0.4838333
0.6142857 0.75 0.8385 0.5193662 0.03233333
0.1285714 0.15 0.4515 0.4496479 0.258
0.6457143 0 0.387 0.2443662 0.6775
0.3228571 0.05 0.1935 0.09859155 0.4516667
0.2257143 0.85 0.0645 0 0.1935
0.2571429 0.25 0.871 0.6380282 0.8386667
0.3857143 0.3 0.9355 0.1419014 0.2258333
0.8714286 0.5 1 0.534507 0.3225
0.03142857 0.25 0.258 0.1774648 0.0645
0.2914286 0.55 0.516 0.1704225 0
0.84 0.1 0.8065 0.4359155 0.9676667
0.42 0.85 0.2905 0.6461268 0.5806667
0.4828571 0.45 0 0.3348592 0.7741667
0.9342857 0.35 0.097 0.671831 0.6128333
0.16 0.65 0.9675 0.3264085 0.6451667
0.09714286 0.75 0.129 0.2038732 0.871
1 0.2 0.7095 0.3102113 0.3871667
0 0.7 0.5805 0.4915493 0.4193333
0.5671714 0.51612 0.9537 0.875 0.255
0.84892 0.62223 0.369575 0.90625 0.5
0.8131914 0.28733 0.552247 0.9375 0.745
0.04559429 0.91686 0.4433365 0.96875 0.99
0.8437143 0.627375 0.86635 1 0.01
