0.1539 0.0231 0.9468 0.8161 -0.8161
0.146 0.0227 0.8952 0.8548 -0.7581
0.1324 0.0235 0.9984 0.8484 -0.8742
0.1381 0.0227 0.9339 0.7 -1.0871
0.1358 0.0216 0.9726 0.8226 -1.2419
0.1516 0.0229 0.9145 0.6705 -1.2226
0.1268 0.0223 0.921 0.7474 -0.7
0.1448 0.0223 0.9855 0.809 -1.2032
0.1392 0.0234 0.979 0.6692 -0.7387
0.1403 0.0218 0.8565 0.7556 -0.9903
0.1437 0.0234 0.8823 0.7276 -1.1258
0.1223 0.0225 1.0048 0.6271 -0.971
0.1482 0.0221 0.9597 0.6508 -0.8548
0.1471 0.0233 1.0306 0.7075 -1.0097
0.1415 0.023 1.0177 0.7635 -1.2806
0.1245 0.0218 0.9403 0.7437 -1.1452
0.1426 0.0215 0.9274 0.6854 -0.8935
0.1313 0.0216 0.8887 0.644 -1.029
0.1279 0.0232 0.8629 0.616 -1.1839
0.129 0.022 1.0242 0.7972 -0.7968
0.1335 0.0221 1.0371 0.6563 -1.1645
0.1505 0.0225 1.05 0.7678 -1.1065
0.1211 0.022 0.9016 0.6664 -1.2613
0.1302 0.0226 0.9532 0.6644 -1.3
0.1494 0.0217 1.0113 0.7398 -0.7194
0.1347 0.0232 0.9081 0.7995 -0.9516
0.1369 0.0224 0.85 0.7111 -0.8355
0.1527 0.0222 0.8694 0.8068 -0.9323
0.1256 0.0228 1.0435 0.7087 -0.9129
0.1234 0.023 0.8758 0.6739 -0.7774
0.155 0.0219 0.9919 0.7041 -1.0677
0.12 0.0229 0.9661 0.7556 -1.0484
0.139851 0.02253224 1.040740 0.8645 -1.147
0.1497122 0.02274446 0.923915 0.873375 -1
0.1484617 0.02207466 0.9604494 0.88225 -0.853
0.1215958 0.02333372 0.9386673 0.891125 -0.706
0.1495300 0.02275475 1.023270 0.9 -1.294
